1.000  1.000  1.000  1.000  1.000  2.000  2.000  2.000  2.000  2.000  1.000  1.000  1.000  1.000  1.000  1.000  1.000  1.000  1.000  1.000  
1.000  1.000  1.000  1.000  1.090  1.910  2.000  2.000  2.000  1.910  1.090  1.000  1.000  1.000  1.000  1.000  1.000  1.000  1.000  0.910  
1.000  1.000  1.000  1.008  1.156  1.844  1.992  2.000  1.992  1.844  1.156  1.008  1.000  1.000  1.000  1.000  1.000  1.000  0.992  0.836  
1.000  1.000  1.001  1.021  1.205  1.795  1.979  1.999  1.979  1.795  1.205  1.021  1.001  1.000  1.000  1.000  1.000  0.999  0.979  0.774  
1.000  1.000  1.002  1.036  1.241  1.759  1.964  1.995  1.964  1.759  1.241  1.036  1.002  1.000  1.000  1.000  1.000  0.997  0.962  0.723  
1.000  1.000  1.005  1.051  1.270  1.730  1.949  1.990  1.949  1.730  1.270  1.051  1.005  1.000  1.000  1.000  1.000  0.994  0.944  0.679  
1.000  1.001  1.009  1.067  1.291  1.709  1.933  1.982  1.933  1.709  1.291  1.067  1.009  1.001  1.000  1.000  0.999  0.990  0.924  0.642  
1.000  1.001  1.013  1.082  1.309  1.691  1.917  1.973  1.917  1.691  1.309  1.082  1.013  1.001  1.000  1.000  0.999  0.985  0.905  0.609  
1.000  1.002  1.018  1.096  1.323  1.677  1.902  1.963  1.902  1.677  1.323  1.096  1.018  1.002  1.000  1.000  0.997  0.979  0.885  0.581  
1.000  1.004  1.024  1.110  1.334  1.665  1.887  1.952  1.887  1.665  1.334  1.110  1.024  1.004  1.000  1.000  0.996  0.972  0.866  0.556  
1.000  1.005  1.030  1.122  1.344  1.655  1.873  1.940  1.873  1.655  1.344  1.122  1.030  1.005  1.001  0.999  0.994  0.965  0.848  0.534  
1.000  1.007  1.036  1.134  1.352  1.647  1.859  1.928  1.859  1.647  1.352  1.134  1.036  1.007  1.001  0.999  0.992  0.957  0.830  0.514  
1.000  1.009  1.042  1.145  1.359  1.639  1.846  1.916  1.846  1.639  1.359  1.145  1.042  1.009  1.001  0.999  0.989  0.949  0.813  0.496  
1.000  1.011  1.048  1.155  1.365  1.633  1.834  1.903  1.834  1.633  1.365  1.155  1.048  1.011  1.002  0.998  0.987  0.940  0.797  0.480  
1.000  1.013  1.055  1.164  1.370  1.627  1.822  1.891  1.822  1.627  1.370  1.164  1.055  1.014  1.002  0.997  0.983  0.931  0.781  0.465  
1.000  1.016  1.061  1.173  1.375  1.621  1.811  1.878  1.811  1.621  1.375  1.173  1.061  1.016  1.003  0.996  0.980  0.923  0.766  0.452  
1.000  1.019  1.067  1.181  1.379  1.616  1.800  1.866  1.800  1.616  1.379  1.181  1.067  1.019  1.004  0.996  0.976  0.914  0.752  0.439  
1.000  1.021  1.073  1.189  1.382  1.611  1.789  1.854  1.789  1.611  1.382  1.189  1.073  1.022  1.004  0.995  0.972  0.905  0.738  0.428  
1.000  1.024  1.079  1.196  1.385  1.607  1.779  1.842  1.779  1.607  1.385  1.196  1.079  1.025  1.005  0.993  0.968  0.896  0.725  0.417  
1.000  1.027  1.084  1.202  1.388  1.602  1.769  1.831  1.769  1.602  1.388  1.202  1.085  1.028  1.006  0.992  0.964  0.887  0.713  0.407  
1.000  1.030  1.090  1.208  1.391  1.598  1.759  1.820  1.759  1.598  1.391  1.208  1.090  1.031  1.007  0.991  0.960  0.878  0.701  0.398  
1.000  1.032  1.095  1.214  1.393  1.594  1.750  1.809  1.750  1.594  1.393  1.214  1.095  1.034  1.007  0.989  0.955  0.870  0.690  0.390  
1.000  1.035  1.100  1.219  1.395  1.590  1.741  1.798  1.741  1.590  1.395  1.220  1.101  1.037  1.008  0.988  0.950  0.861  0.679  0.382  
1.000  1.038  1.105  1.225  1.397  1.586  1.733  1.788  1.733  1.586  1.397  1.225  1.106  1.040  1.009  0.986  0.946  0.853  0.668  0.374  
1.000  1.040  1.110  1.229  1.398  1.582  1.725  1.778  1.725  1.582  1.398  1.229  1.110  1.043  1.010  0.985  0.941  0.844  0.658  0.367  
1.000  1.043  1.114  1.234  1.400  1.578  1.717  1.768  1.717  1.578  1.400  1.234  1.115  1.046  1.011  0.983  0.936  0.836  0.649  0.360  
1.000  1.046  1.119  1.238  1.401  1.575  1.709  1.759  1.709  1.575  1.401  1.238  1.120  1.049  1.011  0.981  0.931  0.828  0.640  0.354  
1.000  1.048  1.123  1.242  1.402  1.571  1.701  1.750  1.701  1.571  1.402  1.242  1.124  1.052  1.012  0.980  0.927  0.821  0.631  0.348  
1.000  1.050  1.127  1.246  1.403  1.568  1.694  1.741  1.694  1.568  1.403  1.246  1.128  1.055  1.013  0.978  0.922  0.813  0.623  0.342  
1.000  1.053  1.131  1.249  1.403  1.564  1.687  1.733  1.687  1.564  1.403  1.249  1.132  1.058  1.013  0.976  0.917  0.806  0.614  0.336  
1.000  1.055  1.134  1.252  1.404  1.561  1.680  1.724  1.680  1.561  1.404  1.253  1.136  1.061  1.014  0.974  0.912  0.799  0.607  0.331  
1.000  1.057  1.138  1.255  1.404  1.557  1.673  1.716  1.673  1.557  1.405  1.256  1.140  1.063  1.015  0.972  0.908  0.791  0.599  0.326  
1.000  1.059  1.141  1.258  1.405  1.554  1.667  1.709  1.667  1.554  1.405  1.259  1.143  1.066  1.015  0.970  0.903  0.785  0.592  0.321  
1.000  1.061  1.144  1.261  1.405  1.551  1.660  1.701  1.660  1.551  1.405  1.262  1.147  1.068  1.016  0.968  0.898  0.778  0.585  0.317  
1.000  1.063  1.147  1.263  1.405  1.547  1.654  1.694  1.654  1.547  1.405  1.264  1.150  1.071  1.016  0.966  0.894  0.771  0.578  0.312  
1.000  1.065  1.150  1.266  1.405  1.544  1.648  1.686  1.648  1.544  1.405  1.267  1.153  1.073  1.017  0.964  0.889  0.765  0.571  0.308  
1.000  1.067  1.153  1.268  1.405  1.541  1.642  1.679  1.642  1.541  1.405  1.269  1.156  1.075  1.017  0.962  0.885  0.759  0.565  0.304  
1.000  1.069  1.156  1.270  1.405  1.538  1.636  1.673  1.636  1.538  1.405  1.271  1.159  1.077  1.017  0.960  0.880  0.753  0.559  0.300  
1.000  1.070  1.158  1.272  1.405  1.535  1.631  1.666  1.631  1.535  1.405  1.273  1.162  1.079  1.017  0.958  0.876  0.747  0.553  0.296  
1.000  1.072  1.160  1.273  1.404  1.532  1.625  1.660  1.625  1.532  1.405  1.275  1.164  1.081  1.018  0.956  0.872  0.741  0.547  0.293  
1.000  1.073  1.163  1.275  1.404  1.529  1.620  1.654  1.620  1.529  1.405  1.277  1.167  1.083  1.018  0.954  0.868  0.735  0.542  0.289  
1.000  1.075  1.165  1.277  1.404  1.526  1.615  1.647  1.615  1.526  1.404  1.278  1.169  1.084  1.018  0.952  0.863  0.730  0.537  0.286  
1.000  1.076  1.167  1.278  1.403  1.523  1.610  1.642  1.610  1.523  1.404  1.280  1.171  1.086  1.018  0.950  0.859  0.724  0.531  0.283  
1.000  1.077  1.169  1.279  1.403  1.520  1.605  1.636  1.605  1.520  1.403  1.281  1.173  1.088  1.018  0.948  0.855  0.719  0.526  0.280  
1.000  1.079  1.170  1.280  1.402  1.517  1.600  1.630  1.600  1.517  1.403  1.283  1.175  1.089  1.018  0.946  0.851  0.714  0.522  0.277  
1.000  1.080  1.172  1.281  1.401  1.514  1.595  1.625  1.595  1.514  1.402  1.284  1.177  1.090  1.018  0.944  0.847  0.709  0.517  0.274  
1.000  1.081  1.174  1.282  1.401  1.511  1.590  1.619  1.590  1.511  1.402  1.285  1.179  1.092  1.018  0.942  0.844  0.704  0.512  0.271  
1.000  1.082  1.175  1.283  1.400  1.508  1.586  1.614  1.586  1.509  1.401  1.286  1.181  1.093  1.018  0.940  0.840  0.699  0.508  0.268  
1.000  1.083  1.176  1.284  1.399  1.506  1.581  1.609  1.582  1.506  1.400  1.287  1.182  1.094  1.017  0.938  0.836  0.695  0.503  0.266  
1.000  1.084  1.178  1.285  1.398  1.503  1.577  1.604  1.577  1.503  1.400  1.288  1.184  1.095  1.017  0.936  0.833  0.690  0.499  0.263  
