1.000  1.000  1.000  1.000  1.000  2.000  2.000  2.000  2.000  2.000  1.000  1.000  1.000  1.000  1.000  1.000  1.000  1.000  1.000  1.000  
1.000  1.000  1.000  1.000  1.000  1.810  2.000  2.000  2.000  2.000  1.095  1.000  1.000  1.000  1.000  1.000  1.000  1.000  1.000  1.000  
1.000  1.000  1.000  1.000  1.000  1.671  1.964  2.000  2.000  2.000  1.189  1.009  1.000  1.000  1.000  1.000  1.000  1.000  1.000  1.000  
1.000  1.000  1.000  1.000  1.000  1.564  1.909  1.993  2.000  2.000  1.281  1.026  1.001  1.000  1.000  1.000  1.000  1.000  1.000  1.000  
1.000  1.000  1.000  1.000  1.000  1.480  1.847  1.977  1.999  2.000  1.368  1.051  1.003  1.000  1.000  1.000  1.000  1.000  1.000  1.000  
1.000  1.000  1.000  1.000  1.000  1.413  1.782  1.953  1.995  2.000  1.450  1.083  1.008  1.000  1.000  1.000  1.000  1.000  1.000  1.000  
1.000  1.000  1.000  1.000  1.000  1.357  1.720  1.921  1.987  1.999  1.526  1.121  1.015  1.001  1.000  1.000  1.000  1.000  1.000  1.000  
1.000  1.000  1.000  1.000  1.000  1.311  1.661  1.884  1.974  1.996  1.595  1.164  1.025  1.002  1.000  1.000  1.000  1.000  1.000  1.000  
1.000  1.000  1.000  1.000  1.000  1.273  1.606  1.844  1.957  1.992  1.655  1.211  1.039  1.005  1.000  1.000  1.000  1.000  1.000  1.000  
1.000  1.000  1.000  1.000  1.000  1.240  1.555  1.802  1.936  1.986  1.708  1.262  1.056  1.008  1.001  1.000  1.000  1.000  1.000  1.000  
1.000  1.000  1.000  1.000  1.000  1.211  1.508  1.760  1.912  1.976  1.753  1.316  1.076  1.012  1.001  1.000  1.000  1.000  1.000  1.000  
1.000  1.000  1.000  1.000  1.000  1.187  1.466  1.718  1.884  1.964  1.791  1.371  1.101  1.019  1.002  1.000  1.000  1.000  1.000  1.000  
1.000  1.000  1.000  1.000  1.000  1.166  1.427  1.677  1.854  1.949  1.820  1.425  1.129  1.027  1.004  1.000  1.000  1.000  1.000  1.000  
1.000  1.000  1.000  1.000  1.000  1.148  1.392  1.637  1.823  1.932  1.842  1.479  1.161  1.037  1.006  1.001  1.000  1.000  1.000  1.000  
1.000  1.000  1.000  1.000  1.000  1.131  1.359  1.599  1.791  1.912  1.858  1.530  1.196  1.049  1.009  1.001  1.000  1.000  1.000  1.000  
1.000  1.000  1.000  1.000  1.000  1.117  1.330  1.562  1.758  1.890  1.868  1.578  1.234  1.063  1.013  1.002  1.000  1.000  1.000  1.000  
1.000  1.000  1.000  1.000  1.000  1.105  1.303  1.528  1.726  1.866  1.872  1.621  1.274  1.081  1.018  1.003  1.000  1.000  1.000  1.000  
1.000  1.000  1.000  1.000  1.000  1.094  1.278  1.495  1.693  1.841  1.871  1.660  1.316  1.101  1.024  1.004  1.001  1.000  1.000  1.000  
1.000  1.000  1.000  1.000  1.000  1.084  1.256  1.464  1.661  1.815  1.865  1.693  1.359  1.123  1.031  1.006  1.001  1.000  1.000  1.000  
1.000  1.000  1.000  1.000  1.000  1.075  1.236  1.435  1.630  1.789  1.857  1.721  1.402  1.148  1.040  1.009  1.002  1.000  1.000  1.000  
1.000  1.000  1.000  1.000  1.000  1.068  1.217  1.408  1.600  1.762  1.845  1.743  1.445  1.176  1.051  1.012  1.002  1.000  1.000  1.000  
1.000  1.000  1.000  1.000  1.000  1.061  1.200  1.383  1.571  1.735  1.830  1.760  1.486  1.206  1.063  1.016  1.003  1.001  1.000  1.000  
1.000  1.000  1.000  1.000  1.000  1.055  1.184  1.359  1.543  1.708  1.814  1.771  1.524  1.238  1.078  1.020  1.004  1.001  1.000  1.000  
1.000  1.000  1.000  1.000  1.000  1.049  1.169  1.336  1.516  1.681  1.795  1.779  1.560  1.272  1.094  1.026  1.006  1.001  1.000  1.000  
1.000  1.000  1.000  1.000  1.000  1.044  1.156  1.315  1.490  1.655  1.776  1.781  1.592  1.307  1.113  1.032  1.008  1.002  1.000  1.000  
1.000  1.000  1.000  1.000  1.000  1.040  1.144  1.295  1.465  1.629  1.755  1.780  1.621  1.342  1.133  1.040  1.010  1.002  1.000  1.000  
1.000  1.000  1.000  1.000  1.000  1.036  1.132  1.276  1.441  1.603  1.734  1.776  1.646  1.378  1.156  1.049  1.013  1.003  1.001  1.000  
1.000  1.000  1.000  1.000  1.000  1.032  1.122  1.259  1.419  1.579  1.713  1.769  1.666  1.413  1.180  1.060  1.016  1.004  1.001  1.000  
1.000  1.000  1.000  1.000  1.000  1.029  1.112  1.243  1.397  1.555  1.691  1.760  1.682  1.447  1.206  1.072  1.021  1.005  1.001  1.000  
1.000  1.000  1.000  1.000  1.000  1.026  1.104  1.227  1.377  1.531  1.669  1.748  1.695  1.479  1.234  1.086  1.026  1.007  1.001  1.000  
1.000  1.000  1.000  1.000  1.000  1.024  1.096  1.213  1.357  1.509  1.647  1.735  1.703  1.509  1.262  1.101  1.032  1.008  1.002  1.000  
1.000  1.000  1.000  1.000  1.000  1.022  1.088  1.199  1.339  1.487  1.626  1.721  1.708  1.537  1.292  1.118  1.038  1.011  1.003  1.001  
1.000  1.000  1.000  1.000  1.000  1.019  1.081  1.187  1.321  1.466  1.604  1.705  1.710  1.562  1.322  1.136  1.046  1.013  1.003  1.001  
1.000  1.000  1.000  1.000  1.000  1.018  1.075  1.175  1.304  1.446  1.583  1.689  1.709  1.584  1.352  1.156  1.055  1.016  1.004  1.001  
1.000  1.000  1.000  1.000  1.000  1.016  1.069  1.164  1.288  1.426  1.563  1.672  1.706  1.603  1.382  1.178  1.065  1.020  1.005  1.001  
1.000  1.000  1.000  1.000  1.000  1.014  1.064  1.153  1.273  1.408  1.542  1.654  1.701  1.619  1.411  1.201  1.077  1.025  1.007  1.002  
1.000  1.000  1.000  1.000  1.000  1.013  1.059  1.143  1.258  1.390  1.523  1.637  1.693  1.631  1.439  1.225  1.089  1.030  1.009  1.002  
1.000  1.000  1.000  1.000  1.000  1.012  1.054  1.134  1.245  1.372  1.503  1.619  1.684  1.641  1.465  1.250  1.103  1.035  1.011  1.003  
1.000  1.000  1.000  1.000  1.000  1.011  1.050  1.126  1.232  1.356  1.485  1.601  1.674  1.648  1.490  1.275  1.119  1.042  1.013  1.004  
1.000  1.000  1.000  1.000  1.000  1.010  1.046  1.117  1.219  1.340  1.466  1.584  1.662  1.652  1.512  1.301  1.135  1.050  1.016  1.004  
1.000  1.000  1.000  1.000  1.000  1.009  1.042  1.110  1.207  1.324  1.449  1.566  1.650  1.653  1.532  1.327  1.153  1.058  1.019  1.006  
1.000  1.000  1.000  1.000  1.000  1.008  1.039  1.103  1.196  1.310  1.432  1.548  1.637  1.653  1.550  1.353  1.172  1.068  1.023  1.007  
1.000  1.000  1.000  1.000  1.000  1.007  1.036  1.096  1.186  1.295  1.415  1.531  1.623  1.650  1.565  1.378  1.192  1.078  1.027  1.008  
1.000  1.000  1.000  1.000  1.000  1.006  1.033  1.090  1.175  1.282  1.399  1.514  1.609  1.646  1.578  1.403  1.214  1.090  1.032  1.010  
1.000  1.000  1.000  1.000  1.000  1.006  1.030  1.084  1.166  1.269  1.383  1.498  1.594  1.640  1.588  1.426  1.235  1.103  1.038  1.012  
1.000  1.000  1.000  1.000  1.000  1.005  1.028  1.078  1.157  1.257  1.368  1.482  1.580  1.633  1.596  1.448  1.258  1.117  1.044  1.015  
1.000  1.000  1.000  1.000  1.000  1.005  1.026  1.073  1.148  1.245  1.354  1.466  1.565  1.625  1.601  1.468  1.280  1.132  1.051  1.018  
1.000  1.000  1.000  1.000  1.000  1.004  1.024  1.068  1.140  1.233  1.340  1.450  1.550  1.616  1.605  1.487  1.303  1.148  1.060  1.021  
1.000  1.000  1.000  1.000  1.000  1.004  1.022  1.064  1.132  1.222  1.326  1.435  1.535  1.605  1.607  1.504  1.326  1.165  1.068  1.025  
1.000  1.000  1.000  1.000  1.000  1.003  1.020  1.060  1.125  1.212  1.313  1.420  1.521  1.595  1.606  1.518  1.348  1.183  1.078  1.029  
