1.000  1.000  1.000  1.000  1.000  1.000  1.000  1.000  1.000  1.000  1.000  1.000  1.000  2.000  2.000  2.000  2.000  2.000  2.000  2.000  2.000  2.000  2.000  2.000  2.000  1.000  1.000  1.000  1.000  1.000  1.000  1.000  1.000  1.000  1.000  1.000  1.000  1.000  1.000  1.000  1.000  1.000  1.000  1.000  1.000  1.000  1.000  1.000  1.000  1.000
1.000  1.000  1.000  1.000  1.000  1.000  1.000  1.000  1.000  1.000  1.000  1.000  1.000  1.510  2.000  2.000  2.000  2.000  2.000  2.000  2.000  2.000  2.000  2.000  2.000  1.490  1.000  1.000  1.000  1.000  1.000  1.000  1.000  1.000  1.000  1.000  1.000  1.000  1.000  1.000  1.000  1.000  1.000  1.000  1.000  1.000  1.000  1.000  1.000  1.000
1.000  1.000  1.000  1.000  1.000  1.000  1.000  1.000  1.000  1.000  1.000  1.000  1.000  1.260  1.760  2.000  2.000  2.000  2.000  2.000  2.000  2.000  2.000  2.000  2.000  1.740  1.240  1.000  1.000  1.000  1.000  1.000  1.000  1.000  1.000  1.000  1.000  1.000  1.000  1.000  1.000  1.000  1.000  1.000  1.000  1.000  1.000  1.000  1.000  1.000
1.000  1.000  1.000  1.000  1.000  1.000  1.000  1.000  1.000  1.000  1.000  1.000  1.000  1.133  1.515  1.882  2.000  2.000  2.000  2.000  2.000  2.000  2.000  2.000  2.000  1.867  1.485  1.118  1.000  1.000  1.000  1.000  1.000  1.000  1.000  1.000  1.000  1.000  1.000  1.000  1.000  1.000  1.000  1.000  1.000  1.000  1.000  1.000  1.000  1.000
1.000  1.000  1.000  1.000  1.000  1.000  1.000  1.000  1.000  1.000  1.000  1.000  1.000  1.068  1.328  1.702  1.942  2.000  2.000  2.000  2.000  2.000  2.000  2.000  2.000  1.932  1.672  1.298  1.058  1.000  1.000  1.000  1.000  1.000  1.000  1.000  1.000  1.000  1.000  1.000  1.000  1.000  1.000  1.000  1.000  1.000  1.000  1.000  1.000  1.000
1.000  1.000  1.000  1.000  1.000  1.000  1.000  1.000  1.000  1.000  1.000  1.000  1.000  1.035  1.200  1.519  1.825  1.972  2.000  2.000  2.000  2.000  2.000  2.000  2.000  1.965  1.800  1.481  1.175  1.028  1.000  1.000  1.000  1.000  1.000  1.000  1.000  1.000  1.000  1.000  1.000  1.000  1.000  1.000  1.000  1.000  1.000  1.000  1.000  1.000
1.000  1.000  1.000  1.000  1.000  1.000  1.000  1.000  1.000  1.000  1.000  1.000  1.000  1.018  1.119  1.363  1.675  1.900  1.986  2.000  2.000  2.000  2.000  2.000  2.000  1.982  1.881  1.637  1.325  1.100  1.014  1.000  1.000  1.000  1.000  1.000  1.000  1.000  1.000  1.000  1.000  1.000  1.000  1.000  1.000  1.000  1.000  1.000  1.000  1.000
1.000  1.000  1.000  1.000  1.000  1.000  1.000  1.000  1.000  1.000  1.000  1.000  1.000  1.009  1.069  1.243  1.522  1.790  1.944  1.993  2.000  2.000  2.000  2.000  2.000  1.991  1.931  1.757  1.478  1.210  1.056  1.007  1.000  1.000  1.000  1.000  1.000  1.000  1.000  1.000  1.000  1.000  1.000  1.000  1.000  1.000  1.000  1.000  1.000  1.000
1.000  1.000  1.000  1.000  1.000  1.000  1.000  1.000  1.000  1.000  1.000  1.000  1.000  1.005  1.040  1.158  1.385  1.658  1.868  1.969  1.997  2.000  2.000  2.000  2.000  1.995  1.960  1.842  1.615  1.342  1.132  1.031  1.003  1.000  1.000  1.000  1.000  1.000  1.000  1.000  1.000  1.000  1.000  1.000  1.000  1.000  1.000  1.000  1.000  1.000
1.000  1.000  1.000  1.000  1.000  1.000  1.000  1.000  1.000  1.000  1.000  1.000  1.000  1.002  1.023  1.100  1.274  1.525  1.765  1.920  1.983  1.998  2.000  2.000  2.000  1.998  1.977  1.900  1.726  1.475  1.235  1.080  1.017  1.002  1.000  1.000  1.000  1.000  1.000  1.000  1.000  1.000  1.000  1.000  1.000  1.000  1.000  1.000  1.000  1.000
1.000  1.000  1.000  1.000  1.000  1.000  1.000  1.000  1.000  1.000  1.000  1.000  1.000  1.001  1.013  1.062  1.189  1.402  1.647  1.844  1.952  1.991  1.999  2.000  2.000  1.999  1.987  1.938  1.811  1.598  1.353  1.156  1.048  1.009  1.001  1.000  1.000  1.000  1.000  1.000  1.000  1.000  1.000  1.000  1.000  1.000  1.000  1.000  1.000  1.000
1.000  1.000  1.000  1.000  1.000  1.000  1.000  1.000  1.000  1.000  1.000  1.000  1.000  1.001  1.007  1.038  1.127  1.297  1.527  1.748  1.899  1.972  1.995  2.000  2.000  1.999  1.993  1.962  1.873  1.703  1.473  1.252  1.101  1.028  1.005  1.000  1.000  1.000  1.000  1.000  1.000  1.000  1.000  1.000  1.000  1.000  1.000  1.000  1.000  1.000
1.000  1.000  1.000  1.000  1.000  1.000  1.000  1.000  1.000  1.000  1.000  1.000  1.000  1.000  1.004  1.023  1.083  1.214  1.415  1.640  1.825  1.936  1.984  1.997  2.000  2.000  1.996  1.977  1.917  1.786  1.585  1.360  1.175  1.064  1.016  1.003  1.000  1.000  1.000  1.000  1.000  1.000  1.000  1.000  1.000  1.000  1.000  1.000  1.000  1.000
1.000  1.000  1.000  1.000  1.000  1.000  1.000  1.000  1.000  1.000  1.000  1.000  1.000  1.000  1.002  1.014  1.054  1.150  1.316  1.529  1.734  1.882  1.960  1.991  1.999  2.000  1.998  1.986  1.946  1.850  1.684  1.471  1.266  1.118  1.040  1.009  1.001  1.000  1.000  1.000  1.000  1.000  1.000  1.000  1.000  1.000  1.000  1.000  1.000  1.000
1.000  1.000  1.000  1.000  1.000  1.000  1.000  1.000  1.000  1.000  1.000  1.000  1.000  1.000  1.001  1.008  1.034  1.103  1.235  1.425  1.634  1.809  1.922  1.976  1.995  1.999  1.999  1.992  1.966  1.897  1.765  1.575  1.366  1.191  1.078  1.024  1.005  1.001  1.000  1.000  1.000  1.000  1.000  1.000  1.000  1.000  1.000  1.000  1.000  1.000
1.000  1.000  1.000  1.000  1.000  1.000  1.000  1.000  1.000  1.000  1.000  1.000  1.000  1.000  1.001  1.005  1.021  1.069  1.170  1.332  1.531  1.723  1.867  1.949  1.985  1.997  1.999  1.995  1.979  1.931  1.830  1.668  1.469  1.277  1.133  1.051  1.015  1.003  1.000  1.000  1.000  1.000  1.000  1.000  1.000  1.000  1.000  1.000  1.000  1.000
1.000  1.000  1.000  1.000  1.000  1.000  1.000  1.000  1.000  1.000  1.000  1.000  1.000  1.000  1.000  1.003  1.013  1.046  1.120  1.252  1.434  1.629  1.796  1.909  1.968  1.991  1.998  1.997  1.987  1.954  1.880  1.748  1.566  1.371  1.204  1.091  1.032  1.009  1.002  1.000  1.000  1.000  1.000  1.000  1.000  1.000  1.000  1.000  1.000  1.000
1.000  1.000  1.000  1.000  1.000  1.000  1.000  1.000  1.000  1.000  1.000  1.000  1.000  1.000  1.000  1.002  1.008  1.030  1.084  1.188  1.345  1.533  1.715  1.854  1.939  1.980  1.995  1.998  1.992  1.970  1.916  1.812  1.655  1.467  1.285  1.146  1.061  1.020  1.005  1.001  1.000  1.000  1.000  1.000  1.000  1.000  1.000  1.000  1.000  1.000
1.000  1.000  1.000  1.000  1.000  1.000  1.000  1.000  1.000  1.000  1.000  1.000  1.000  1.000  1.000  1.001  1.005  1.019  1.057  1.137  1.268  1.441  1.626  1.786  1.897  1.960  1.987  1.996  1.995  1.981  1.943  1.863  1.732  1.559  1.374  1.214  1.103  1.040  1.012  1.003  1.000  1.000  1.000  1.000  1.000  1.000  1.000  1.000  1.000  1.000
1.000  1.000  1.000  1.000  1.000  1.000  1.000  1.000  1.000  1.000  1.000  1.000  1.000  1.000  1.000  1.000  1.003  1.012  1.039  1.098  1.204  1.356  1.535  1.707  1.842  1.929  1.974  1.992  1.995  1.988  1.961  1.902  1.796  1.644  1.465  1.293  1.158  1.071  1.026  1.008  1.002  1.000  1.000  1.000  1.000  1.000  1.000  1.000  1.000  1.000
1.000  1.000  1.000  1.000  1.000  1.000  1.000  1.000  1.000  1.000  1.000  1.000  1.000  1.000  1.000  1.000  1.002  1.008  1.026  1.069  1.152  1.281  1.447  1.623  1.776  1.887  1.952  1.983  1.994  1.991  1.974  1.931  1.848  1.719  1.553  1.377  1.224  1.113  1.048  1.017  1.005  1.001  1.000  1.000  1.000  1.000  1.000  1.000  1.000  1.000
1.000  1.000  1.000  1.000  1.000  1.000  1.000  1.000  1.000  1.000  1.000  1.000  1.000  1.000  1.000  1.000  1.001  1.005  1.017  1.048  1.111  1.218  1.366  1.537  1.701  1.833  1.920  1.968  1.989  1.993  1.983  1.952  1.889  1.782  1.634  1.463  1.299  1.167  1.080  1.032  1.010  1.003  1.001  1.000  1.000  1.000  1.000  1.000  1.000  1.000
1.000  1.000  1.000  1.000  1.000  1.000  1.000  1.000  1.000  1.000  1.000  1.000  1.000  1.000  1.000  1.000  1.001  1.003  1.011  1.032  1.080  1.166  1.293  1.453  1.621  1.768  1.877  1.944  1.978  1.991  1.988  1.967  1.920  1.834  1.707  1.547  1.379  1.232  1.123  1.056  1.021  1.007  1.002  1.000  1.000  1.000  1.000  1.000  1.000  1.000
1.000  1.000  1.000  1.000  1.000  1.000  1.000  1.000  1.000  1.000  1.000  1.000  1.000  1.000  1.000  1.000  1.000  1.002  1.007  1.022  1.057  1.124  1.231  1.375  1.539  1.696  1.824  1.911  1.962  1.985  1.989  1.977  1.943  1.876  1.769  1.625  1.461  1.304  1.176  1.089  1.038  1.014  1.004  1.001  1.000  1.000  1.000  1.000  1.000  1.000
1.000  1.000  1.000  1.000  1.000  1.000  1.000  1.000  1.000  1.000  1.000  1.000  1.000  1.000  1.000  1.000  1.000  1.001  1.004  1.015  1.040  1.091  1.178  1.304  1.458  1.619  1.761  1.868  1.937  1.973  1.987  1.983  1.960  1.909  1.822  1.696  1.542  1.381  1.239  1.132  1.063  1.026  1.009  1.002  1.001  1.000  1.000  1.000  1.000  1.000
1.000  1.000  1.000  1.000  1.000  1.000  1.000  1.000  1.000  1.000  1.000  1.000  1.000  1.000  1.000  1.000  1.000  1.001  1.003  1.010  1.027  1.066  1.135  1.243  1.383  1.540  1.691  1.816  1.903  1.956  1.980  1.985  1.971  1.934  1.865  1.757  1.617  1.460  1.309  1.184  1.096  1.044  1.017  1.006  1.001  1.000  1.000  1.000  1.000  1.000
1.000  1.000  1.000  1.000  1.000  1.000  1.000  1.000  1.000  1.000  1.000  1.000  1.000  1.000  1.000  1.000  1.000  1.000  1.002  1.006  1.019  1.047  1.101  1.190  1.314  1.463  1.617  1.755  1.861  1.930  1.968  1.983  1.978  1.952  1.899  1.810  1.686  1.537  1.383  1.245  1.139  1.070  1.030  1.011  1.003  1.001  1.000  1.000  1.000  1.000
1.000  1.000  1.000  1.000  1.000  1.000  1.000  1.000  1.000  1.000  1.000  1.000  1.000  1.000  1.000  1.000  1.000  1.000  1.001  1.004  1.013  1.033  1.075  1.147  1.253  1.390  1.542  1.687  1.809  1.896  1.949  1.976  1.980  1.965  1.925  1.853  1.747  1.610  1.458  1.313  1.191  1.104  1.049  1.020  1.007  1.002  1.001  1.000  1.000  1.000
1.000  1.000  1.000  1.000  1.000  1.000  1.000  1.000  1.000  1.000  1.000  1.000  1.000  1.000  1.000  1.000  1.000  1.000  1.001  1.003  1.008  1.023  1.054  1.111  1.201  1.323  1.467  1.616  1.749  1.853  1.923  1.963  1.978  1.972  1.944  1.888  1.799  1.677  1.533  1.384  1.251  1.147  1.076  1.035  1.014  1.005  1.001  1.000  1.000  1.000
1.000  1.000  1.000  1.000  1.000  1.000  1.000  1.000  1.000  1.000  1.000  1.000  1.000  1.000  1.000  1.000  1.000  1.000  1.000  1.002  1.006  1.016  1.039  1.083  1.157  1.263  1.397  1.543  1.684  1.802  1.889  1.943  1.970  1.975  1.958  1.916  1.843  1.737  1.603  1.457  1.316  1.198  1.111  1.055  1.024  1.009  1.003  1.001  1.000  1.000
1.000  1.000  1.000  1.000  1.000  1.000  1.000  1.000  1.000  1.000  1.000  1.000  1.000  1.000  1.000  1.000  1.000  1.000  1.000  1.001  1.004  1.011  1.028  1.062  1.121  1.211  1.331  1.471  1.615  1.744  1.847  1.917  1.957  1.973  1.966  1.937  1.879  1.789  1.669  1.529  1.385  1.256  1.153  1.082  1.039  1.016  1.006  1.002  1.000  1.000
1.000  1.000  1.000  1.000  1.000  1.000  1.000  1.000  1.000  1.000  1.000  1.000  1.000  1.000  1.000  1.000  1.000  1.000  1.000  1.001  1.002  1.007  1.019  1.045  1.092  1.167  1.272  1.403  1.545  1.681  1.796  1.882  1.937  1.965  1.970  1.951  1.907  1.833  1.727  1.597  1.455  1.319  1.203  1.117  1.060  1.028  1.011  1.004  1.001  1.000
1.000  1.000  1.000  1.000  1.000  1.000  1.000  1.000  1.000  1.000  1.000  1.000  1.000  1.000  1.000  1.000  1.000  1.000  1.000  1.000  1.002  1.005  1.013  1.032  1.069  1.130  1.221  1.339  1.475  1.614  1.740  1.840  1.910  1.952  1.967  1.960  1.929  1.869  1.779  1.661  1.525  1.386  1.260  1.159  1.088  1.044  1.019  1.007  1.002  1.001
1.000  1.000  1.000  1.000  1.000  1.000  1.000  1.000  1.000  1.000  1.000  1.000  1.000  1.000  1.000  1.000  1.000  1.000  1.000  1.000  1.001  1.003  1.009  1.023  1.051  1.100  1.176  1.281  1.408  1.546  1.678  1.791  1.876  1.931  1.960  1.964  1.944  1.898  1.823  1.719  1.592  1.454  1.322  1.209  1.123  1.065  1.031  1.013  1.005  1.002
1.000  1.000  1.000  1.000  1.000  1.000  1.000  1.000  1.000  1.000  1.000  1.000  1.000  1.000  1.000  1.000  1.000  1.000  1.000  1.000  1.001  1.002  1.006  1.016  1.037  1.076  1.139  1.230  1.346  1.479  1.614  1.736  1.834  1.904  1.946  1.962  1.954  1.921  1.860  1.770  1.654  1.521  1.386  1.264  1.165  1.094  1.048  1.022  1.009  1.003
1.000  1.000  1.000  1.000  1.000  1.000  1.000  1.000  1.000  1.000  1.000  1.000  1.000  1.000  1.000  1.000  1.000  1.000  1.000  1.000  1.000  1.001  1.004  1.011  1.027  1.057  1.108  1.185  1.289  1.414  1.547  1.676  1.786  1.870  1.925  1.954  1.958  1.937  1.890  1.814  1.711  1.586  1.453  1.324  1.214  1.129  1.070  1.035  1.015  1.006
1.000  1.000  1.000  1.000  1.000  1.000  1.000  1.000  1.000  1.000  1.000  1.000  1.000  1.000  1.000  1.000  1.000  1.000  1.000  1.000  1.000  1.001  1.003  1.008  1.019  1.042  1.083  1.148  1.238  1.353  1.482  1.613  1.732  1.829  1.898  1.940  1.956  1.947  1.913  1.851  1.761  1.647  1.518  1.387  1.268  1.170  1.099  1.052  1.025  1.011
1.000  1.000  1.000  1.000  1.000  1.000  1.000  1.000  1.000  1.000  1.000  1.000  1.000  1.000  1.000  1.000  1.000  1.000  1.000  1.000  1.000  1.001  1.002  1.005  1.014  1.031  1.063  1.116  1.194  1.297  1.419  1.549  1.674  1.781  1.864  1.920  1.948  1.951  1.930  1.881  1.805  1.703  1.581  1.451  1.326  1.218  1.134  1.075  1.038  1.018
1.000  1.000  1.000  1.000  1.000  1.000  1.000  1.000  1.000  1.000  1.000  1.000  1.000  1.000  1.000  1.000  1.000  1.000  1.000  1.000  1.000  1.000  1.001  1.004  1.010  1.023  1.047  1.090  1.156  1.246  1.359  1.485  1.612  1.729  1.824  1.892  1.934  1.950  1.940  1.905  1.843  1.753  1.641  1.515  1.387  1.271  1.175  1.104  1.056  1.028
1.000  1.000  1.000  1.000  1.000  1.000  1.000  1.000  1.000  1.000  1.000  1.000  1.000  1.000  1.000  1.000  1.000  1.000  1.000  1.000  1.000  1.000  1.001  1.002  1.007  1.016  1.035  1.069  1.124  1.202  1.304  1.423  1.550  1.672  1.777  1.859  1.914  1.942  1.945  1.922  1.873  1.797  1.696  1.577  1.450  1.328  1.222  1.139  1.080  1.042
1.000  1.000  1.000  1.000  1.000  1.000  1.000  1.000  1.000  1.000  1.000  1.000  1.000  1.000  1.000  1.000  1.000  1.000  1.000  1.000  1.000  1.000  1.001  1.002  1.005  1.012  1.026  1.053  1.097  1.163  1.254  1.365  1.488  1.612  1.725  1.819  1.887  1.928  1.944  1.933  1.897  1.834  1.746  1.635  1.512  1.388  1.274  1.180  1.109  1.060
1.000  1.000  1.000  1.000  1.000  1.000  1.000  1.000  1.000  1.000  1.000  1.000  1.000  1.000  1.000  1.000  1.000  1.000  1.000  1.000  1.000  1.000  1.000  1.001  1.003  1.008  1.019  1.040  1.075  1.131  1.210  1.310  1.427  1.551  1.670  1.773  1.853  1.908  1.936  1.938  1.915  1.865  1.789  1.689  1.572  1.449  1.330  1.226  1.143  1.084
1.000  1.000  1.000  1.000  1.000  1.000  1.000  1.000  1.000  1.000  1.000  1.000  1.000  1.000  1.000  1.000  1.000  1.000  1.000  1.000  1.000  1.000  1.000  1.001  1.002  1.006  1.014  1.029  1.058  1.104  1.171  1.261  1.370  1.491  1.612  1.723  1.814  1.881  1.922  1.937  1.926  1.890  1.826  1.738  1.630  1.509  1.388  1.277  1.184  1.113
1.000  1.000  1.000  1.000  1.000  1.000  1.000  1.000  1.000  1.000  1.000  1.000  1.000  1.000  1.000  1.000  1.000  1.000  1.000  1.000  1.000  1.000  1.000  1.000  1.001  1.004  1.010  1.022  1.044  1.081  1.138  1.217  1.317  1.431  1.552  1.668  1.769  1.848  1.902  1.930  1.932  1.908  1.857  1.781  1.683  1.568  1.447  1.331  1.229  1.148
1.000  1.000  1.000  1.000  1.000  1.000  1.000  1.000  1.000  1.000  1.000  1.000  1.000  1.000  1.000  1.000  1.000  1.000  1.000  1.000  1.000  1.000  1.000  1.000  1.001  1.003  1.007  1.016  1.033  1.063  1.110  1.178  1.268  1.375  1.493  1.611  1.720  1.810  1.876  1.916  1.931  1.919  1.882  1.819  1.731  1.624  1.507  1.388  1.279  1.188
1.000  1.000  1.000  1.000  1.000  1.000  1.000  1.000  1.000  1.000  1.000  1.000  1.000  1.000  1.000  1.000  1.000  1.000  1.000  1.000  1.000  1.000  1.000  1.000  1.001  1.002  1.005  1.012  1.025  1.048  1.087  1.145  1.224  1.322  1.435  1.553  1.667  1.766  1.843  1.896  1.924  1.925  1.900  1.850  1.774  1.677  1.564  1.446  1.333  1.233
1.000  1.000  1.000  1.000  1.000  1.000  1.000  1.000  1.000  1.000  1.000  1.000  1.000  1.000  1.000  1.000  1.000  1.000  1.000  1.000  1.000  1.000  1.000  1.000  1.000  1.001  1.003  1.008  1.018  1.037  1.068  1.116  1.185  1.274  1.380  1.496  1.611  1.717  1.805  1.870  1.910  1.924  1.912  1.874  1.811  1.724  1.619  1.504  1.388  1.282
1.000  1.000  1.000  1.000  1.000  1.000  1.000  1.000  1.000  1.000  1.000  1.000  1.000  1.000  1.000  1.000  1.000  1.000  1.000  1.000  1.000  1.000  1.000  1.000  1.000  1.001  1.002  1.006  1.013  1.028  1.053  1.093  1.151  1.231  1.328  1.439  1.555  1.665  1.762  1.838  1.891  1.917  1.918  1.893  1.842  1.767  1.671  1.561  1.445  1.334
1.000  1.000  1.000  1.000  1.000  1.000  1.000  1.000  1.000  1.000  1.000  1.000  1.000  1.000  1.000  1.000  1.000  1.000  1.000  1.000  1.000  1.000  1.000  1.000  1.000  1.001  1.002  1.004  1.010  1.021  1.040  1.073  1.123  1.192  1.280  1.385  1.498  1.611  1.715  1.801  1.865  1.904  1.918  1.905  1.867  1.804  1.718  1.615  1.502  1.388
1.000  1.000  1.000  1.000  1.000  1.000  1.000  1.000  1.000  1.000  1.000  1.000  1.000  1.000  1.000  1.000  1.000  1.000  1.000  1.000  1.000  1.000  1.000  1.000  1.000  1.000  1.001  1.003  1.007  1.015  1.031  1.057  1.098  1.158  1.237  1.334  1.442  1.556  1.664  1.759  1.834  1.885  1.911  1.912  1.886  1.835  1.760  1.665  1.557  1.444
1.000  1.000  1.000  1.000  1.000  1.000  1.000  1.000  1.000  1.000  1.000  1.000  1.000  1.000  1.000  1.000  1.000  1.000  1.000  1.000  1.000  1.000  1.000  1.000  1.000  1.000  1.001  1.002  1.005  1.011  1.023  1.044  1.078  1.129  1.198  1.286  1.389  1.500  1.611  1.712  1.797  1.860  1.898  1.911  1.898  1.860  1.797  1.712  1.610  1.499
1.000  1.000  1.000  1.000  1.000  1.000  1.000  1.000  1.000  1.000  1.000  1.000  1.000  1.000  1.000  1.000  1.000  1.000  1.000  1.000  1.000  1.000  1.000  1.000  1.000  1.000  1.001  1.001  1.004  1.008  1.017  1.034  1.061  1.104  1.164  1.243  1.339  1.446  1.557  1.662  1.755  1.829  1.880  1.905  1.905  1.879  1.828  1.753  1.660  1.554
1.000  1.000  1.000  1.000  1.000  1.000  1.000  1.000  1.000  1.000  1.000  1.000  1.000  1.000  1.000  1.000  1.000  1.000  1.000  1.000  1.000  1.000  1.000  1.000  1.000  1.000  1.000  1.001  1.003  1.006  1.013  1.026  1.048  1.083  1.135  1.204  1.292  1.393  1.502  1.611  1.710  1.793  1.855  1.893  1.905  1.891  1.853  1.790  1.706  1.606
1.000  1.000  1.000  1.000  1.000  1.000  1.000  1.000  1.000  1.000  1.000  1.000  1.000  1.000  1.000  1.000  1.000  1.000  1.000  1.000  1.000  1.000  1.000  1.000  1.000  1.000  1.000  1.001  1.002  1.004  1.009  1.019  1.037  1.066  1.109  1.170  1.249  1.344  1.449  1.557  1.661  1.752  1.825  1.874  1.899  1.898  1.872  1.821  1.747  1.655
1.000  1.000  1.000  1.000  1.000  1.000  1.000  1.000  1.000  1.000  1.000  1.000  1.000  1.000  1.000  1.000  1.000  1.000  1.000  1.000  1.000  1.000  1.000  1.000  1.000  1.000  1.000  1.000  1.001  1.003  1.007  1.015  1.028  1.052  1.088  1.140  1.210  1.297  1.397  1.504  1.610  1.708  1.789  1.850  1.887  1.898  1.885  1.846  1.783  1.700
1.000  1.000  1.000  1.000  1.000  1.000  1.000  1.000  1.000  1.000  1.000  1.000  1.000  1.000  1.000  1.000  1.000  1.000  1.000  1.000  1.000  1.000  1.000  1.000  1.000  1.000  1.000  1.000  1.001  1.002  1.005  1.011  1.022  1.040  1.070  1.115  1.176  1.255  1.348  1.452  1.558  1.660  1.749  1.820  1.869  1.893  1.891  1.865  1.814  1.741
1.000  1.000  1.000  1.000  1.000  1.000  1.000  1.000  1.000  1.000  1.000  1.000  1.000  1.000  1.000  1.000  1.000  1.000  1.000  1.000  1.000  1.000  1.000  1.000  1.000  1.000  1.000  1.000  1.001  1.002  1.004  1.008  1.016  1.031  1.056  1.093  1.146  1.216  1.302  1.401  1.506  1.610  1.705  1.785  1.845  1.881  1.892  1.878  1.839  1.776
1.000  1.000  1.000  1.000  1.000  1.000  1.000  1.000  1.000  1.000  1.000  1.000  1.000  1.000  1.000  1.000  1.000  1.000  1.000  1.000  1.000  1.000  1.000  1.000  1.000  1.000  1.000  1.000  1.000  1.001  1.003  1.006  1.012  1.024  1.044  1.075  1.120  1.182  1.260  1.353  1.455  1.559  1.659  1.746  1.816  1.863  1.887  1.885  1.858  1.807
1.000  1.000  1.000  1.000  1.000  1.000  1.000  1.000  1.000  1.000  1.000  1.000  1.000  1.000  1.000  1.000  1.000  1.000  1.000  1.000  1.000  1.000  1.000  1.000  1.000  1.000  1.000  1.000  1.000  1.001  1.002  1.004  1.009  1.018  1.034  1.059  1.098  1.152  1.222  1.307  1.405  1.508  1.610  1.703  1.782  1.840  1.875  1.886  1.871  1.832
1.000  1.000  1.000  1.000  1.000  1.000  1.000  1.000  1.000  1.000  1.000  1.000  1.000  1.000  1.000  1.000  1.000  1.000  1.000  1.000  1.000  1.000  1.000  1.000  1.000  1.000  1.000  1.000  1.000  1.001  1.001  1.003  1.007  1.014  1.026  1.047  1.079  1.125  1.187  1.265  1.357  1.457  1.560  1.658  1.743  1.811  1.858  1.881  1.878  1.851
1.000  1.000  1.000  1.000  1.000  1.000  1.000  1.000  1.000  1.000  1.000  1.000  1.000  1.000  1.000  1.000  1.000  1.000  1.000  1.000  1.000  1.000  1.000  1.000  1.000  1.000  1.000  1.000  1.000  1.000  1.001  1.002  1.005  1.010  1.020  1.037  1.063  1.103  1.157  1.227  1.312  1.408  1.510  1.610  1.701  1.778  1.835  1.869  1.879  1.864
1.000  1.000  1.000  1.000  1.000  1.000  1.000  1.000  1.000  1.000  1.000  1.000  1.000  1.000  1.000  1.000  1.000  1.000  1.000  1.000  1.000  1.000  1.000  1.000  1.000  1.000  1.000  1.000  1.000  1.000  1.001  1.002  1.004  1.008  1.015  1.029  1.050  1.083  1.130  1.193  1.270  1.361  1.460  1.561  1.656  1.740  1.807  1.853  1.874  1.872
1.000  1.000  1.000  1.000  1.000  1.000  1.000  1.000  1.000  1.000  1.000  1.000  1.000  1.000  1.000  1.000  1.000  1.000  1.000  1.000  1.000  1.000  1.000  1.000  1.000  1.000  1.000  1.000  1.000  1.000  1.000  1.001  1.003  1.006  1.012  1.022  1.040  1.067  1.107  1.162  1.232  1.317  1.412  1.511  1.610  1.699  1.774  1.830  1.864  1.873
1.000  1.000  1.000  1.000  1.000  1.000  1.000  1.000  1.000  1.000  1.000  1.000  1.000  1.000  1.000  1.000  1.000  1.000  1.000  1.000  1.000  1.000  1.000  1.000  1.000  1.000  1.000  1.000  1.000  1.000  1.000  1.001  1.002  1.004  1.009  1.017  1.031  1.054  1.088  1.135  1.198  1.275  1.365  1.462  1.561  1.655  1.738  1.803  1.847  1.869
1.000  1.000  1.000  1.000  1.000  1.000  1.000  1.000  1.000  1.000  1.000  1.000  1.000  1.000  1.000  1.000  1.000  1.000  1.000  1.000  1.000  1.000  1.000  1.000  1.000  1.000  1.000  1.000  1.000  1.000  1.000  1.001  1.001  1.003  1.006  1.013  1.024  1.043  1.071  1.112  1.167  1.237  1.321  1.415  1.513  1.609  1.697  1.771  1.826  1.858
1.000  1.000  1.000  1.000  1.000  1.000  1.000  1.000  1.000  1.000  1.000  1.000  1.000  1.000  1.000  1.000  1.000  1.000  1.000  1.000  1.000  1.000  1.000  1.000  1.000  1.000  1.000  1.000  1.000  1.000  1.000  1.000  1.001  1.002  1.005  1.010  1.019  1.034  1.057  1.092  1.140  1.203  1.280  1.369  1.465  1.562  1.654  1.735  1.799  1.842
1.000  1.000  1.000  1.000  1.000  1.000  1.000  1.000  1.000  1.000  1.000  1.000  1.000  1.000  1.000  1.000  1.000  1.000  1.000  1.000  1.000  1.000  1.000  1.000  1.000  1.000  1.000  1.000  1.000  1.000  1.000  1.000  1.001  1.002  1.004  1.007  1.014  1.026  1.046  1.075  1.116  1.172  1.242  1.325  1.418  1.514  1.609  1.695  1.767  1.821
1.000  1.000  1.000  1.000  1.000  1.000  1.000  1.000  1.000  1.000  1.000  1.000  1.000  1.000  1.000  1.000  1.000  1.000  1.000  1.000  1.000  1.000  1.000  1.000  1.000  1.000  1.000  1.000  1.000  1.000  1.000  1.000  1.000  1.001  1.003  1.005  1.011  1.020  1.036  1.060  1.096  1.145  1.208  1.285  1.373  1.467  1.563  1.653  1.732  1.795
1.000  1.000  1.000  1.000  1.000  1.000  1.000  1.000  1.000  1.000  1.000  1.000  1.000  1.000  1.000  1.000  1.000  1.000  1.000  1.000  1.000  1.000  1.000  1.000  1.000  1.000  1.000  1.000  1.000  1.000  1.000  1.000  1.000  1.001  1.002  1.004  1.008  1.016  1.028  1.049  1.079  1.121  1.177  1.247  1.329  1.421  1.516  1.609  1.693  1.764
1.000  1.000  1.000  1.000  1.000  1.000  1.000  1.000  1.000  1.000  1.000  1.000  1.000  1.000  1.000  1.000  1.000  1.000  1.000  1.000  1.000  1.000  1.000  1.000  1.000  1.000  1.000  1.000  1.000  1.000  1.000  1.000  1.000  1.001  1.001  1.003  1.006  1.012  1.022  1.039  1.064  1.100  1.150  1.213  1.289  1.376  1.469  1.563  1.652  1.729
1.000  1.000  1.000  1.000  1.000  1.000  1.000  1.000  1.000  1.000  1.000  1.000  1.000  1.000  1.000  1.000  1.000  1.000  1.000  1.000  1.000  1.000  1.000  1.000  1.000  1.000  1.000  1.000  1.000  1.000  1.000  1.000  1.000  1.000  1.001  1.002  1.005  1.009  1.017  1.031  1.052  1.082  1.125  1.182  1.252  1.333  1.424  1.517  1.608  1.691
1.000  1.000  1.000  1.000  1.000  1.000  1.000  1.000  1.000  1.000  1.000  1.000  1.000  1.000  1.000  1.000  1.000  1.000  1.000  1.000  1.000  1.000  1.000  1.000  1.000  1.000  1.000  1.000  1.000  1.000  1.000  1.000  1.000  1.000  1.001  1.002  1.003  1.007  1.013  1.024  1.041  1.067  1.104  1.154  1.217  1.293  1.379  1.471  1.564  1.651
1.000  1.000  1.000  1.000  1.000  1.000  1.000  1.000  1.000  1.000  1.000  1.000  1.000  1.000  1.000  1.000  1.000  1.000  1.000  1.000  1.000  1.000  1.000  1.000  1.000  1.000  1.000  1.000  1.000  1.000  1.000  1.000  1.000  1.000  1.000  1.001  1.003  1.005  1.010  1.019  1.033  1.055  1.086  1.130  1.186  1.256  1.337  1.426  1.518  1.608
1.000  1.000  1.000  1.000  1.000  1.000  1.000  1.000  1.000  1.000  1.000  1.000  1.000  1.000  1.000  1.000  1.000  1.000  1.000  1.000  1.000  1.000  1.000  1.000  1.000  1.000  1.000  1.000  1.000  1.000  1.000  1.000  1.000  1.000  1.000  1.001  1.002  1.004  1.008  1.015  1.026  1.044  1.071  1.108  1.159  1.222  1.298  1.383  1.473  1.564
1.000  1.000  1.000  1.000  1.000  1.000  1.000  1.000  1.000  1.000  1.000  1.000  1.000  1.000  1.000  1.000  1.000  1.000  1.000  1.000  1.000  1.000  1.000  1.000  1.000  1.000  1.000  1.000  1.000  1.000  1.000  1.000  1.000  1.000  1.000  1.001  1.001  1.003  1.006  1.011  1.020  1.035  1.058  1.090  1.134  1.191  1.261  1.341  1.429  1.520
1.000  1.000  1.000  1.000  1.000  1.000  1.000  1.000  1.000  1.000  1.000  1.000  1.000  1.000  1.000  1.000  1.000  1.000  1.000  1.000  1.000  1.000  1.000  1.000  1.000  1.000  1.000  1.000  1.000  1.000  1.000  1.000  1.000  1.000  1.000  1.000  1.001  1.002  1.004  1.009  1.016  1.028  1.047  1.074  1.112  1.163  1.226  1.302  1.386  1.475
1.000  1.000  1.000  1.000  1.000  1.000  1.000  1.000  1.000  1.000  1.000  1.000  1.000  1.000  1.000  1.000  1.000  1.000  1.000  1.000  1.000  1.000  1.000  1.000  1.000  1.000  1.000  1.000  1.000  1.000  1.000  1.000  1.000  1.000  1.000  1.000  1.001  1.002  1.003  1.007  1.012  1.022  1.037  1.061  1.094  1.138  1.195  1.265  1.345  1.431
1.000  1.000  1.000  1.000  1.000  1.000  1.000  1.000  1.000  1.000  1.000  1.000  1.000  1.000  1.000  1.000  1.000  1.000  1.000  1.000  1.000  1.000  1.000  1.000  1.000  1.000  1.000  1.000  1.000  1.000  1.000  1.000  1.000  1.000  1.000  1.000  1.001  1.001  1.002  1.005  1.009  1.017  1.030  1.049  1.077  1.116  1.167  1.231  1.305  1.389
1.000  1.000  1.000  1.000  1.000  1.000  1.000  1.000  1.000  1.000  1.000  1.000  1.000  1.000  1.000  1.000  1.000  1.000  1.000  1.000  1.000  1.000  1.000  1.000  1.000  1.000  1.000  1.000  1.000  1.000  1.000  1.000  1.000  1.000  1.000  1.000  1.000  1.001  1.002  1.004  1.007  1.013  1.024  1.040  1.064  1.097  1.142  1.200  1.269  1.348
1.000  1.000  1.000  1.000  1.000  1.000  1.000  1.000  1.000  1.000  1.000  1.000  1.000  1.000  1.000  1.000  1.000  1.000  1.000  1.000  1.000  1.000  1.000  1.000  1.000  1.000  1.000  1.000  1.000  1.000  1.000  1.000  1.000  1.000  1.000  1.000  1.000  1.001  1.001  1.003  1.006  1.010  1.019  1.032  1.052  1.081  1.120  1.172  1.235  1.309
1.000  1.000  1.000  1.000  1.000  1.000  1.000  1.000  1.000  1.000  1.000  1.000  1.000  1.000  1.000  1.000  1.000  1.000  1.000  1.000  1.000  1.000  1.000  1.000  1.000  1.000  1.000  1.000  1.000  1.000  1.000  1.000  1.000  1.000  1.000  1.000  1.000  1.000  1.001  1.002  1.004  1.008  1.015  1.025  1.042  1.067  1.101  1.146  1.204  1.273
1.000  1.000  1.000  1.000  1.000  1.000  1.000  1.000  1.000  1.000  1.000  1.000  1.000  1.000  1.000  1.000  1.000  1.000  1.000  1.000  1.000  1.000  1.000  1.000  1.000  1.000  1.000  1.000  1.000  1.000  1.000  1.000  1.000  1.000  1.000  1.000  1.000  1.000  1.001  1.002  1.003  1.006  1.011  1.020  1.034  1.055  1.084  1.124  1.176  1.239
1.000  1.000  1.000  1.000  1.000  1.000  1.000  1.000  1.000  1.000  1.000  1.000  1.000  1.000  1.000  1.000  1.000  1.000  1.000  1.000  1.000  1.000  1.000  1.000  1.000  1.000  1.000  1.000  1.000  1.000  1.000  1.000  1.000  1.000  1.000  1.000  1.000  1.000  1.001  1.001  1.002  1.005  1.009  1.016  1.027  1.044  1.070  1.105  1.150  1.208
1.000  1.000  1.000  1.000  1.000  1.000  1.000  1.000  1.000  1.000  1.000  1.000  1.000  1.000  1.000  1.000  1.000  1.000  1.000  1.000  1.000  1.000  1.000  1.000  1.000  1.000  1.000  1.000  1.000  1.000  1.000  1.000  1.000  1.000  1.000  1.000  1.000  1.000  1.000  1.001  1.002  1.004  1.007  1.012  1.022  1.036  1.057  1.087  1.128  1.180
1.000  1.000  1.000  1.000  1.000  1.000  1.000  1.000  1.000  1.000  1.000  1.000  1.000  1.000  1.000  1.000  1.000  1.000  1.000  1.000  1.000  1.000  1.000  1.000  1.000  1.000  1.000  1.000  1.000  1.000  1.000  1.000  1.000  1.000  1.000  1.000  1.000  1.000  1.000  1.001  1.001  1.003  1.005  1.010  1.017  1.029  1.047  1.073  1.108  1.154
1.000  1.000  1.000  1.000  1.000  1.000  1.000  1.000  1.000  1.000  1.000  1.000  1.000  1.000  1.000  1.000  1.000  1.000  1.000  1.000  1.000  1.000  1.000  1.000  1.000  1.000  1.000  1.000  1.000  1.000  1.000  1.000  1.000  1.000  1.000  1.000  1.000  1.000  1.000  1.000  1.001  1.002  1.004  1.007  1.013  1.023  1.038  1.060  1.091  1.132
1.000  1.000  1.000  1.000  1.000  1.000  1.000  1.000  1.000  1.000  1.000  1.000  1.000  1.000  1.000  1.000  1.000  1.000  1.000  1.000  1.000  1.000  1.000  1.000  1.000  1.000  1.000  1.000  1.000  1.000  1.000  1.000  1.000  1.000  1.000  1.000  1.000  1.000  1.000  1.000  1.001  1.001  1.003  1.006  1.010  1.018  1.031  1.049  1.076  1.112
1.000  1.000  1.000  1.000  1.000  1.000  1.000  1.000  1.000  1.000  1.000  1.000  1.000  1.000  1.000  1.000  1.000  1.000  1.000  1.000  1.000  1.000  1.000  1.000  1.000  1.000  1.000  1.000  1.000  1.000  1.000  1.000  1.000  1.000  1.000  1.000  1.000  1.000  1.000  1.000  1.001  1.001  1.002  1.004  1.008  1.015  1.025  1.040  1.063  1.094
1.000  1.000  1.000  1.000  1.000  1.000  1.000  1.000  1.000  1.000  1.000  1.000  1.000  1.000  1.000  1.000  1.000  1.000  1.000  1.000  1.000  1.000  1.000  1.000  1.000  1.000  1.000  1.000  1.000  1.000  1.000  1.000  1.000  1.000  1.000  1.000  1.000  1.000  1.000  1.000  1.000  1.001  1.002  1.003  1.006  1.011  1.020  1.033  1.052  1.079
1.000  1.000  1.000  1.000  1.000  1.000  1.000  1.000  1.000  1.000  1.000  1.000  1.000  1.000  1.000  1.000  1.000  1.000  1.000  1.000  1.000  1.000  1.000  1.000  1.000  1.000  1.000  1.000  1.000  1.000  1.000  1.000  1.000  1.000  1.000  1.000  1.000  1.000  1.000  1.000  1.000  1.001  1.001  1.003  1.005  1.009  1.016  1.026  1.042  1.065
1.000  1.000  1.000  1.000  1.000  1.000  1.000  1.000  1.000  1.000  1.000  1.000  1.000  1.000  1.000  1.000  1.000  1.000  1.000  1.000  1.000  1.000  1.000  1.000  1.000  1.000  1.000  1.000  1.000  1.000  1.000  1.000  1.000  1.000  1.000  1.000  1.000  1.000  1.000  1.000  1.000  1.000  1.001  1.002  1.004  1.007  1.012  1.021  1.034  1.054
1.000  1.000  1.000  1.000  1.000  1.000  1.000  1.000  1.000  1.000  1.000  1.000  1.000  1.000  1.000  1.000  1.000  1.000  1.000  1.000  1.000  1.000  1.000  1.000  1.000  1.000  1.000  1.000  1.000  1.000  1.000  1.000  1.000  1.000  1.000  1.000  1.000  1.000  1.000  1.000  1.000  1.000  1.001  1.001  1.003  1.005  1.010  1.017  1.028  1.044
1.000  1.000  1.000  1.000  1.000  1.000  1.000  1.000  1.000  1.000  1.000  1.000  1.000  1.000  1.000  1.000  1.000  1.000  1.000  1.000  1.000  1.000  1.000  1.000  1.000  1.000  1.000  1.000  1.000  1.000  1.000  1.000  1.000  1.000  1.000  1.000  1.000  1.000  1.000  1.000  1.000  1.000  1.001  1.001  1.002  1.004  1.008  1.013  1.022  1.036
1.000  1.000  1.000  1.000  1.000  1.000  1.000  1.000  1.000  1.000  1.000  1.000  1.000  1.000  1.000  1.000  1.000  1.000  1.000  1.000  1.000  1.000  1.000  1.000  1.000  1.000  1.000  1.000  1.000  1.000  1.000  1.000  1.000  1.000  1.000  1.000  1.000  1.000  1.000  1.000  1.000  1.000  1.000  1.001  1.002  1.003  1.006  1.010  1.018  1.030
1.000  1.000  1.000  1.000  1.000  1.000  1.000  1.000  1.000  1.000  1.000  1.000  1.000  1.000  1.000  1.000  1.000  1.000  1.000  1.000  1.000  1.000  1.000  1.000  1.000  1.000  1.000  1.000  1.000  1.000  1.000  1.000  1.000  1.000  1.000  1.000  1.000  1.000  1.000  1.000  1.000  1.000  1.000  1.001  1.001  1.002  1.005  1.008  1.014  1.024
1.000  1.000  1.000  1.000  1.000  1.000  1.000  1.000  1.000  1.000  1.000  1.000  1.000  1.000  1.000  1.000  1.000  1.000  1.000  1.000  1.000  1.000  1.000  1.000  1.000  1.000  1.000  1.000  1.000  1.000  1.000  1.000  1.000  1.000  1.000  1.000  1.000  1.000  1.000  1.000  1.000  1.000  1.000  1.000  1.001  1.002  1.003  1.006  1.011  1.019
1.000  1.000  1.000  1.000  1.000  1.000  1.000  1.000  1.000  1.000  1.000  1.000  1.000  1.000  1.000  1.000  1.000  1.000  1.000  1.000  1.000  1.000  1.000  1.000  1.000  1.000  1.000  1.000  1.000  1.000  1.000  1.000  1.000  1.000  1.000  1.000  1.000  1.000  1.000  1.000  1.000  1.000  1.000  1.000  1.001  1.001  1.003  1.005  1.009  1.015
1.000  1.000  1.000  1.000  1.000  1.000  1.000  1.000  1.000  1.000  1.000  1.000  1.000  1.000  1.000  1.000  1.000  1.000  1.000  1.000  1.000  1.000  1.000  1.000  1.000  1.000  1.000  1.000  1.000  1.000  1.000  1.000  1.000  1.000  1.000  1.000  1.000  1.000  1.000  1.000  1.000  1.000  1.000  1.000  1.000  1.001  1.002  1.004  1.007  1.012
1.000  1.000  1.000  1.000  1.000  1.000  1.000  1.000  1.000  1.000  1.000  1.000  1.000  1.000  1.000  1.000  1.000  1.000  1.000  1.000  1.000  1.000  1.000  1.000  1.000  1.000  1.000  1.000  1.000  1.000  1.000  1.000  1.000  1.000  1.000  1.000  1.000  1.000  1.000  1.000  1.000  1.000  1.000  1.000  1.000  1.001  1.002  1.003  1.005  1.010
1.000  1.000  1.000  1.000  1.000  1.000  1.000  1.000  1.000  1.000  1.000  1.000  1.000  1.000  1.000  1.000  1.000  1.000  1.000  1.000  1.000  1.000  1.000  1.000  1.000  1.000  1.000  1.000  1.000  1.000  1.000  1.000  1.000  1.000  1.000  1.000  1.000  1.000  1.000  1.000  1.000  1.000  1.000  1.000  1.000  1.001  1.001  1.002  1.004  1.008